2.13,0.19,0,-2.83,-0.44,-9.58,-0.37,-26.69,30.06
6.38,-1,-1.75,-2.87,-0.36,-9.53,-0.06,-26.37,29
18.37,-3.25,-3.44,-2.85,-0.78,-9.14,0.25,-25.56,29.37
24.62,-3.81,-2.88,-2.92,-0.93,-9.35,0.25,-23.69,31
26.12,-4.25,-3.94,-2.96,-1.44,-9.02,1.37,-21.87,31.25
23.44,-2.56,-3.19,-2.93,-1.93,-8.99,0.25,-20.37,32.5
30.31,-4.06,-5.56,-3.03,-2.26,-9.03,1.06,-20,32.5
28.94,-0.44,-7.63,-3.05,-2.57,-8.86,2.19,-18.06,34.06
37.75,-2.19,-8.25,-2.86,-3.52,-9.06,2.19,-15.88,34.5
49.06,-2.94,-7.63,-2.87,-4.35,-8.67,2.19,-12.56,35.75
67.75,-5.56,-15.13,-3.23,-5.37,-8.27,2.69,-8.06,36.88
85.00,-6.44,-18.94,-2.87,-8.15,-6.26,4.75,-3,36.88
47.50,-2.94,-12.56,-2.83,-7.68,-6.83,4.75,1.88,38.19
26.44,1.81,-11.94,-2.62,-7.35,-5.71,4.06,5.88,36.38
25.44, 3.5, -14,-2.49,-8.01,-5.59,3.00,7.5,36.06
46.50,-1.5,-12.25,-2.17,-7.79,-4.53,2.25,11.19,36
66.50,0.88,-12.88,-2.05,-8.45,-3.89,1.88,15,34.56
85.12,1,-10.13,-1.67,-8.9,-2.43,2.38,19,33.75
89.87,2,-15.06,-1.57,-9.95,-0.93,3.38,24.25,30.37
94.87,3.19,-19.44,-1.32,-9.75,0.39,2.38,29.75,25.75
95.94,0.37,-12.56,-1.02,-9.61,1.65,-1.00,33.06,20.87
86.12,-0.63,-16.12,-0.90,-9.66,3.72,-1.37,37.25,15.75
72.25,0.12,-7.56,-0.57,-8.22,4.69,-2.69,40.19,8.19
79.62,1.88,-8.63,-0.59,-7.29,5.52,-3.06,40.88,2.38
79.44,-0.06,-5.69,-0.36,-4.29,7.24,-3.50,41.25,-2.69
71.56,3.75,-7.44,-0.66,-5.61,7.04,-4.19,40.88,-8.5
95.19,0.69,-12.56,-0.21,-3.52,8.81,-4.19,38.88,-12.25
100.50,1.12,-19.19,-0.35,-2.42,8.94,-5.25,36,-18.19
76.62,2.44,-8,-0.45,-1.42,8.38,-6.75,31.06,-27.19
13.69,-1.25,-3.13,-0.12,-0.59,9.38,-5.25,27.37,-30.25
1.25,-0.81,0.63,-0.26,-0.33,9.26,-7.38,27.25,-31.06
1.00,-0.81,1.81,-0.36,-0.1,9.16,-6.06,26.56,-30.25
-1.37,0.94,0,-0.17,-0.2,9.08,-6.00,27.25,-30.25
0.06,1.12,0.12,-0.24,-0.16,8.67,-7.19,27.25,-30.25
-1.56,0.37,-0.06,-0.16,-0.01,9.12,-8.25,27,-30.25
0.75,0.12,0.44,-0.31,-0.05,9.18,-7.75,27.25,-31.5

